312
444
489
732
831
912
1058
1162
1190
1266
1396
1439
1497
1604
1605
1606
1806
1946
2394
2400
2415
2596
2658
2691
2748
2831
2890
3036
3266
3427
3456
3827
4001
4180
4320
4345
4542
4837
4877
4925
4964
5183
5229
5385
5387
5583
5647
5985
6036
6100
6284
6285
6309
6311
6318
6401
6432
6512
6513
6514
6538
6612
6953
7123
7164
7423
7539
7563
7850
8392
8592
8781
8916
8946
8985
9052
9202
9285
9318
9343
9430
9476
9525
9564
9677
9737
9856
9865
9866
9890
10028
10096
10318
10322
10375
10446
10448
11004
11082
11200
11229
11282
11283
11284
11285
11286
11287
11288
11289
11290
11291
11292
11293
11294
11295
11307
11331
11417
11450
11496
11513
11536
11915
11937
12048
12052
12099
12533
12777
12877
12879
12945
13018
13056
13194
13535
13712
13729
13859
13992
14406
14407
14474
14675
14707
14804
15239
15278
15323
15450
15713
15765
16175
16259
16393
16465
16499
16646
16851
16863
16888
17013
17018
17246
17258
17409
17490
17495
17522
17550
17746
17846
17857
18059
18162
18166
18170
18175
18423
18467
18554
18735
18876
19034
19159
19166
19219
19273
19523
19838
19954
20054
20147
20261
20267
20319
20395
20400
20674
20723
21254
21303
21517
21574
21599
21613
21617
21620
21634
21636
21637
21638
21640
21716
21761
21764
21765
21766
21767
21768
21769
21785
21788
21791
21800
21845
21894
21973
21981
21985
21986
21987
21988
21989
21990
21991
21992
21993
21994
22016
22017
22021
22028
22029
22030
22031
22032
22033
22131
22193
22194
22199
22205
22226
22280
22281
22282
22283
22284
22285
22286
22287
22288
22298
22299
22300
22301
22302
22303
22304
22305
22306
22307
22308
22309
22310
22311
22312
22313
22314
22315
22316
22317
22318
22319
22443
22467
22479
22577
22598
22672
22673
22678
22685
22774
22791
22811
22812
22878
22881
22916
22991
22994
23011
23012
23030
23039
23047
23054
23062
23074
23201
23270
23340
23400
23402
23524
23592
23598
23603
23663
23708
23730
23755
23853
23928
23947
24033
24075
24129
24137
24186
24223
24348
24409
24423
24431
24468
24502
24505
24641
24744
24747
24774
24835
24862
24913
24999
25087
25468
25516
25562
25583
25903
25906
25978
26059
26143
26148
26157
26158
26159
26160
26269
26304
26455
26491
26529
26576
26680
26708
26728
26734
26762
26766
26800
26857
26875
26893
27204
27205
27206
27258
27298
27381
27383
27558
27637
27738
27751
27806
27873
27889
27924
27943
27963
27971
28004
28047
28076
28089
28092
28098
28110
28143
28166
28190
28247
28248
28249
28250
28251
28252
28270
28271
28278
28279
28280
28281
28307
28310
28361
28362
28363
28364
28365
28366
28367
28368
28369
28377
28460
28471
28511
28656
28698
28724
28820
28853
28862
28868
28876
28877
28880
28881
28882
28886
28907
28912
28915
28931
28974
28976
29178
29310
29361
29398
29401
29421
29426
29506
29539
29542
29644
